100
4 2
5 2
6 2
1000 1000
1000 1
454 341
4 1
398 372
746 625
530 432
999 255
500 249
999 2
500 128
878 859
1000 999
674 583
808 613
959 909
3 1
500 143
5 1
500 127
999 490
1000 128
500 248
1000 255
2 2
1000 127
1000 511
999 497
1000 500
551 538
423 414
1000 456
871 758
496 380
441 369
999 311
999 499
999 127
268 228
500 500
734 691
363 341
382 319
968 910
500 98
500 250
500 255
1000 256
1000 488
999 511
612 611
1000 505
500 244
814 696
999 512
433 431
664 642
999 487
378 345
566 446
1000 512
579 506
967 773
506 480
975 902
999 999
999 488
557 457
2 1
999 998
881 690
500 2
3 2
999 1
284 236
1000 499
1000 2
999 498
1000 489
454 372
525 472
415 401
500 245
853 715
500 1
500 116
571 452
500 499
897 756
1 1
500 117
999 256
1000 498
999 128
500 253
500 256
873 677
