100
4 4
1.4000
0.5000 0.7000 0.8000 0.6000
2 2
1.0000
0.0000 0.0000
2 2
0.0000
0.9000 0.8000
2 2
0.1000
0.4000 0.5000
45 45
22.4353
0.0690 0.0960 0.2796 0.9720 0.0246 0.3441 0.4184 0.2058 0.7639 0.4632 0.5273 0.0175 0.8112 0.8269 0.1774 0.1044 0.0251 0.2175 0.8409 0.8101 0.6528 0.1813 0.4978 0.2620 0.8116 0.1944 0.0194 0.2771 0.8781 0.7126 0.2754 0.0044 0.3796 0.6638 0.2058 0.2390 0.7920 0.8451 0.2138 0.0920 0.9370 0.5881 0.8795 0.1429 0.5979
46 46
16.2608
0.5363 0.9488 0.1738 0.5785 0.8457 0.8659 0.4333 0.8892 0.3827 0.5430 0.7464 0.3202 0.8008 0.2576 0.6009 0.9388 0.9907 0.5072 0.2700 0.9249 0.2766 0.1265 0.1784 0.2236 0.4639 0.4302 0.2350 0.8180 0.0133 0.6966 0.6909 0.7595 0.1513 0.3792 0.8129 0.3451 0.8919 0.9209 0.6628 0.3425 0.5558 0.3313 0.1379 0.8296 0.2466 0.3064
47 47
17.3877
0.5862 0.3904 0.0443 0.7033 0.7023 0.9860 0.5169 0.6409 0.8310 0.8896 0.4503 0.9892 0.5023 0.5103 0.0284 0.2428 0.8094 0.4636 0.5587 0.5010 0.5023 0.7748 0.6599 0.3331 0.2192 0.5426 0.8954 0.1927 0.1170 0.1721 0.6645 0.3071 0.4275 0.6202 0.4735 0.3675 0.3826 0.9905 0.3586 0.5248 0.9982 0.3239 0.6704 0.9532 0.0618 0.0793 0.6574
47 47
20.8455
0.2830 0.4458 0.6421 0.1494 0.4408 0.0793 0.0346 0.0326 0.8403 0.6518 0.8863 0.7031 0.3676 0.6792 0.7405 0.4974 0.1632 0.3348 0.8769 0.7153 0.3334 0.9961 0.6991 0.1233 0.2940 0.1916 0.8386 0.1707 0.9901 0.9543 0.6981 0.2919 0.8732 0.6008 0.3809 0.8436 0.2484 0.7185 0.8867 0.6254 0.9569 0.9980 0.3523 0.1428 0.7243 0.3777 0.2193
1 1
0.0000
1.0000
48 48
19.8400
0.2538 0.0654 0.1260 0.5734 0.7858 0.8671 0.5284 0.2836 0.3704 0.8795 0.2337 0.0153 0.5893 0.8777 0.3141 0.6918 0.2898 0.3085 0.9789 0.4208 0.2785 0.0068 0.3896 0.9530 0.2456 0.7072 0.2344 0.7583 0.1561 0.6399 0.5629 0.0343 0.1576 0.5669 0.1100 0.0586 0.1273 0.0817 0.3818 0.2461 0.5892 0.0504 0.3147 0.8189 0.0112 0.4136 0.0606 0.6104
50 50
0.0000
0.8765 0.8765 0.8765 0.8765 0.8765 0.8765 0.8765 0.8765 0.8765 0.8765 0.8765 0.8765 0.8765 0.8765 0.8765 0.8765 0.8765 0.8765 0.8765 0.8765 0.8765 0.8765 0.8765 0.8765 0.8765 0.8765 0.8765 0.8765 0.8765 0.8765 0.8765 0.8765 0.8765 0.8765 0.8765 0.8765 0.8765 0.8765 0.8765 0.8765 0.8765 0.8765 0.8765 0.8765 0.8765 0.8765 0.8765 0.8765 0.8765 0.8765
50 50
0.0000
1.0000 1.0000 1.0000 1.0000 1.0000 1.0000 1.0000 1.0000 1.0000 1.0000 1.0000 1.0000 1.0000 1.0000 1.0000 1.0000 1.0000 1.0000 1.0000 1.0000 1.0000 1.0000 1.0000 1.0000 1.0000 1.0000 1.0000 1.0000 1.0000 1.0000 1.0000 1.0000 1.0000 1.0000 1.0000 1.0000 1.0000 1.0000 1.0000 1.0000 1.0000 1.0000 1.0000 1.0000 1.0000 1.0000 1.0000 1.0000 1.0000 1.0000
50 50
50.0000
0.0000 0.0000 0.0000 0.0000 0.0000 0.0000 0.0000 0.0000 0.0000 0.0000 0.0000 0.0000 0.0000 0.0000 0.0000 0.0000 0.0000 0.0000 0.0000 0.0000 0.0000 0.0000 0.0000 0.0000 0.0000 0.0000 0.0000 0.0000 0.0000 0.0000 0.0000 0.0000 0.0000 0.0000 0.0000 0.0000 0.0000 0.0000 0.0000 0.0000 0.0000 0.0000 0.0000 0.0000 0.0000 0.0000 0.0000 0.0000 0.0000 0.0000
50 50
24.7079
0.4975 0.7685 0.5164 0.2848 0.6873 0.1619 0.5515 0.1915 0.7654 0.3459 0.2779 0.4796 0.9820 0.0702 0.0107 0.9628 0.9910 0.0817 0.6754 0.1816 0.7148 0.1366 0.5790 0.3846 0.5099 0.4170 0.0182 0.3182 0.1401 0.1870 0.6648 0.1504 0.6605 0.0225 0.8910 0.3172 0.5022 0.1124 0.4201 0.3900 0.7556 0.1827 0.7971 0.3011 0.4982 0.0329 0.4352 0.2011 0.8093 0.2667
49 49
14.5799
0.2853 0.7093 0.9358 0.9066 0.7003 0.8099 0.3508 0.6106 0.9896 0.6262 0.1783 0.6104 0.4543 0.3847 0.7084 0.7776 0.3446 0.6423 0.9506 0.8019 0.4889 0.7954 0.4414 0.0684 0.0983 0.7729 0.4824 0.1357 0.8772 0.7035 0.4641 0.2945 0.2803 0.6867 0.4795 0.3999 0.5424 0.9961 0.0898 0.2459 0.8362 0.7527 0.6948 0.6943 0.9013 0.1868 0.5680 0.0249 0.7140
46 46
15.9341
0.3686 0.7392 0.5558 0.0263 0.1347 0.1696 0.9381 0.4424 0.7321 0.4929 0.4889 0.3817 0.2067 0.9911 0.2941 0.4004 0.2992 0.4105 0.3151 0.8288 0.5349 0.2670 0.4966 0.7833 0.8305 0.1134 0.5893 0.1229 0.1222 0.8156 0.2412 0.8381 0.7989 0.8656 0.2482 0.7968 0.1455 0.7391 0.7229 0.1911 0.0784 0.6284 0.4214 0.9896 0.5632 0.9892
48 48
20.6922
0.7382 0.9401 0.5611 0.6937 0.0199 0.1373 0.0963 0.1974 0.5552 0.9054 0.6796 0.5105 0.5938 0.2088 0.1745 0.8827 0.6609 0.6771 0.3216 0.3743 0.7762 0.2043 0.4088 0.3543 0.9249 0.3498 0.8014 0.0966 0.4991 0.8603 0.0542 0.6529 0.2418 0.7250 0.3976 0.0360 0.3986 0.3572 0.2350 0.9390 0.3355 0.5585 0.8967 0.1199 0.5673 0.3686 0.8003 0.0087
50 50
0.0000
0.9999 0.9999 0.9999 0.9999 0.9999 0.9999 0.9999 0.9999 0.9999 0.9999 0.9999 0.9999 0.9999 0.9999 0.9999 0.9999 0.9999 0.9999 0.9999 0.9999 0.9999 0.9999 0.9999 0.9999 0.9999 0.9999 0.9999 0.9999 0.9999 0.9999 0.9999 0.9999 0.9999 0.9999 0.9999 0.9999 0.9999 0.9999 0.9999 0.9999 0.9999 0.9999 0.9999 0.9999 0.9999 0.9999 0.9999 0.9999 0.9999 0.9999
2 2
0.3333
0.0000 0.0000
48 48
17.4327
0.0968 0.3359 0.8877 0.6109 0.9353 0.6369 0.4269 0.5233 0.0989 0.7880 0.6417 0.7032 0.8012 0.1027 0.6276 0.9306 0.0292 0.3873 0.5786 0.5461 0.0734 0.5003 0.4140 0.3739 0.0855 0.8736 0.6585 0.3566 0.0166 0.4619 0.7972 0.5507 0.7203 0.1710 0.6385 0.8231 0.1239 0.8304 0.9692 0.4738 0.0940 0.0694 0.9301 0.5884 0.7014 0.1882 0.8142 0.9438
47 47
2.2784
0.8489 0.6506 0.1277 0.9042 0.9770 0.0239 0.4354 0.8840 0.3364 0.4495 0.1305 0.1664 0.6641 0.9460 0.3553 0.7511 0.1028 0.9056 0.6483 0.1902 0.1427 0.7939 0.3084 0.3204 0.2816 0.7586 0.6587 0.5519 0.1259 0.8419 0.1005 0.7958 0.1637 0.9963 0.2346 0.5550 0.8193 0.3635 0.8278 0.8156 0.0708 0.6852 0.1370 0.1539 0.9917 0.4923 0.6562
45 45
14.1797
0.4141 0.5166 0.3692 0.4288 0.8217 0.2602 0.9406 0.8621 0.7570 0.3967 0.0395 0.3167 0.3174 0.9990 0.8555 0.3444 0.2963 0.9364 0.8288 0.7496 0.7581 0.3447 0.2675 0.8775 0.3662 0.9009 0.3400 0.6509 0.1140 0.2694 0.6788 0.9344 0.6731 0.6175 0.8173 0.3963 0.1056 0.8648 0.0030 0.8083 0.0194 0.2573 0.6095 0.9567 0.1742
46 46
14.5260
0.8118 0.5142 0.9403 0.9137 0.5466 0.2897 0.7444 0.3586 0.5139 0.4679 0.4436 0.6734 0.8603 0.9390 0.2666 0.5682 0.0120 0.2791 0.9937 0.0289 0.2602 0.7216 0.8856 0.8768 0.1077 0.8890 0.3171 0.4606 0.3799 0.9106 0.3898 0.5253 0.6085 0.7190 0.4795 0.6416 0.0773 0.9654 0.6472 0.9169 0.4179 0.1921 0.6712 0.0588 0.7950 0.0052
45 45
3.5904
0.5679 0.1272 0.4568 0.4244 0.3085 0.2361 0.3880 0.4820 0.3448 0.4465 0.1824 0.6942 0.9111 0.3655 0.8268 0.7122 0.9563 0.7248 0.1720 0.7398 0.5127 0.2692 0.1018 0.4031 0.1036 0.8075 0.4972 0.3233 0.4654 0.3252 0.8945 0.6697 0.7976 0.3308 0.1847 0.4581 0.2414 0.7715 0.3324 0.3892 0.8465 0.5221 0.3028 0.5776 0.4520
48 48
16.5640
0.3301 0.1471 0.7563 0.8758 0.2574 0.1442 0.0027 0.3049 0.4608 0.6695 0.6637 0.2279 0.1411 0.2879 0.0156 0.5916 0.2614 0.8634 0.6134 0.9185 0.5086 0.4998 0.9761 0.5645 0.7257 0.2778 0.7699 0.8786 0.1384 0.4561 0.0174 0.7928 0.1284 0.7358 0.4851 0.3269 0.6212 0.0024 0.6386 0.2695 0.4632 0.1071 0.7085 0.6891 0.8945 0.8649 0.8881 0.3090
50 50
1.0000
0.3333 0.3333 0.3333 0.3333 0.3333 0.3333 0.3333 0.3333 0.3333 0.3333 0.3333 0.3333 0.3333 0.3333 0.3333 0.3333 0.3333 0.3333 0.3333 0.3333 0.3333 0.3333 0.3333 0.3333 0.3333 0.3333 0.3333 0.3333 0.3333 0.3333 0.3333 0.3333 0.3333 0.3333 0.3333 0.3333 0.3333 0.3333 0.3333 0.3333 0.3333 0.3333 0.3333 0.3333 0.3333 0.3333 0.3333 0.3333 0.3333 0.3333
50 50
0.0000
0.3333 0.3333 0.3333 0.3333 0.3333 0.3333 0.3333 0.3333 0.3333 0.3333 0.3333 0.3333 0.3333 0.3333 0.3333 0.3333 0.3333 0.3333 0.3333 0.3333 0.3333 0.3333 0.3333 0.3333 0.3333 0.3333 0.3333 0.3333 0.3333 0.3333 0.3333 0.3333 0.3333 0.3333 0.3333 0.3333 0.3333 0.3333 0.3333 0.3333 0.3333 0.3333 0.3333 0.3333 0.3333 0.3333 0.3333 0.3333 0.3333 0.3333
49 49
22.0476
0.0651 0.2381 0.1592 0.7755 0.1161 0.2553 0.2072 0.6489 0.4922 0.2123 0.3428 0.5161 0.1726 0.6652 0.9521 0.6823 0.1151 0.7152 0.5373 0.2767 0.6578 0.9560 0.4758 0.8903 0.7607 0.1423 0.1913 0.4188 0.6401 0.4080 0.7089 0.3080 0.8918 0.0156 0.9326 0.6565 0.6520 0.1905 0.4279 0.6203 0.1297 0.3738 0.7979 0.5053 0.2748 0.3084 0.6896 0.4831 0.7190
48 48
19.1234
0.7343 0.3473 0.5615 0.7023 0.1448 0.0098 0.8354 0.9617 0.0967 0.7792 0.7864 0.4696 0.0815 0.0640 0.1826 0.5863 0.2569 0.7891 0.4030 0.8602 0.9451 0.7439 0.3725 0.2011 0.6344 0.6248 0.9107 0.3905 0.2853 0.4850 0.1538 0.4465 0.7034 0.4756 0.0091 0.7758 0.1512 0.4720 0.8572 0.8623 0.2660 0.7377 0.2478 0.6991 0.3037 0.3257 0.8757 0.2313
48 48
16.6032
0.3399 0.2042 0.4925 0.6606 0.7943 0.3632 0.8041 0.8673 0.4825 0.2664 0.9437 0.0568 0.7290 0.7153 0.7320 0.2148 0.9944 0.7781 0.9800 0.4752 0.9743 0.5026 0.6794 0.3084 0.5134 0.2358 0.4186 0.8143 0.2927 0.7166 0.6098 0.0783 0.6069 0.9133 0.0864 0.3957 0.2326 0.4753 0.2810 0.3270 0.6854 0.1021 0.2669 0.1051 0.2101 0.4852 0.8921 0.2706
46 46
17.8351
0.2763 0.0716 0.0914 0.8449 0.2675 0.2621 0.6355 0.2333 0.5297 0.9793 0.9884 0.9849 0.5868 0.9264 0.3958 0.3412 0.5314 0.6808 0.1012 0.6062 0.2540 0.7269 0.5162 0.4234 0.5602 0.6797 0.7345 0.7759 0.9980 0.1527 0.0731 0.1424 0.7064 0.6878 0.7395 0.4234 0.3222 0.8318 0.3418 0.3947 0.6599 0.6085 0.6672 0.2839 0.5485 0.9348
47 47
15.5656
0.7243 0.3913 0.5217 0.3344 0.6577 0.8176 0.4562 0.1448 0.4741 0.9182 0.9501 0.5065 0.0146 0.6985 0.8799 0.0721 0.2548 0.1882 0.2794 0.8744 0.9678 0.2870 0.1084 0.7560 0.8310 0.4550 0.9244 0.8570 0.7186 0.7042 0.1183 0.8742 0.5343 0.0898 0.8842 0.9017 0.6992 0.8390 0.8870 0.8926 0.3024 0.7230 0.3641 0.5398 0.0751 0.9167 0.9021
46 46
14.6605
0.8520 0.9604 0.3746 0.7256 0.5557 0.2706 0.1479 0.0022 0.1061 0.1520 0.3863 0.3095 0.5482 0.0640 0.3981 0.4394 0.4539 0.9039 0.7029 0.3571 0.6719 0.6616 0.9730 0.7122 0.8365 0.1718 0.5504 0.2684 0.7437 0.5465 0.5563 0.4976 0.4264 0.5848 0.7508 0.9470 0.1408 0.7932 0.4069 0.2120 0.2413 0.7131 0.8129 0.8334 0.6039 0.9927
1 1
0.5000
0.5000
47 47
20.0719
0.8238 0.0862 0.3952 0.4179 0.9559 0.4315 0.1853 0.6815 0.2927 0.3495 0.0061 0.5558 0.7788 0.5178 0.7159 0.7032 0.4523 0.4197 0.1237 0.3213 0.5985 0.7245 0.0383 0.1561 0.0495 0.9682 0.4652 0.2605 0.5456 0.8376 0.9591 0.3106 0.4509 0.7133 0.2818 0.6596 0.9800 0.6415 0.1633 0.0322 0.1721 0.9358 0.6601 0.4530 0.4582 0.1252 0.0972
48 48
19.7160
0.7302 0.4087 0.8984 0.7965 0.0337 0.8879 0.3566 0.9617 0.2968 0.3054 0.6714 0.2369 0.4485 0.4595 0.9032 0.7332 0.1706 0.3933 0.2332 0.6358 0.8668 0.4158 0.1242 0.3338 0.0587 0.2627 0.3262 0.6723 0.2639 0.3788 0.0040 0.9891 0.4393 0.0069 0.8628 0.1846 0.7186 0.0767 0.8806 0.4119 0.1485 0.1469 0.0112 0.4033 0.2955 0.5257 0.9373 0.1547
49 49
20.5256
0.3533 0.3509 0.2570 0.9185 0.0681 0.0024 0.2573 0.7502 0.2527 0.1731 0.4043 0.2544 0.6692 0.8845 0.0488 0.5381 0.0128 0.7890 0.5088 0.9434 0.6854 0.5167 0.3915 0.8039 0.2623 0.7335 0.9454 0.7447 0.7158 0.6892 0.4541 0.7666 0.6448 0.7023 0.4798 0.7839 0.5970 0.1954 0.4125 0.7848 0.8946 0.7423 0.2194 0.8200 0.3693 0.3850 0.6956 0.1169 0.4176
47 47
18.7300
0.0809 0.3810 0.8967 0.9264 0.9364 0.2348 0.9735 0.8533 0.5526 0.7648 0.1639 0.0478 0.8757 0.1534 0.0550 0.2041 0.8830 0.5847 0.2884 0.4984 0.1717 0.9863 0.2036 0.1097 0.7899 0.1267 0.4542 0.2147 0.6202 0.2628 0.5106 0.3464 0.2825 0.0259 0.9163 0.3822 0.4579 0.1996 0.0036 0.7264 0.3851 0.5936 0.6962 0.8236 0.2696 0.0458 0.8281
48 48
17.2031
0.0885 0.7897 0.6647 0.0641 0.2345 0.8858 0.6729 0.3799 0.2953 0.9130 0.7298 0.1582 0.4271 0.4427 0.1003 0.7370 0.5686 0.1997 0.4408 0.8708 0.8909 0.2977 0.1342 0.2307 0.7253 0.5791 0.0556 0.1839 0.3473 0.8843 0.3110 0.5964 0.4019 0.6258 0.2854 0.7457 0.5840 0.5330 0.3547 0.2704 0.2775 0.8835 0.5224 0.8836 0.8566 0.3943 0.1933 0.4256
47 47
17.1402
0.6935 0.7028 0.5116 0.2562 0.6957 0.8160 0.8145 0.8712 0.9957 0.0522 0.3392 0.6656 0.9919 0.9121 0.9261 0.1234 0.4349 0.2480 0.1838 0.6460 0.7623 0.3417 0.0680 0.3611 0.5684 0.4102 0.2431 0.6173 0.3970 0.8900 0.9025 0.4644 0.6296 0.9107 0.8619 0.3927 0.2543 0.0348 0.7907 0.5751 0.2510 0.3498 0.9971 0.8464 0.4738 0.0064 0.8950
45 45
20.7842
0.7458 0.0822 0.0513 0.1450 0.9058 0.8764 0.0532 0.0672 0.9831 0.4056 0.9248 0.1528 0.1320 0.7722 0.5660 0.5709 0.9527 0.8583 0.2962 0.1697 0.1343 0.5924 0.0798 0.5483 0.8256 0.3603 0.5058 0.6377 0.0003 0.1977 0.2675 0.0100 0.4057 0.5952 0.5252 0.4781 0.5612 0.0348 0.4529 0.1030 0.7975 0.0996 0.1974 0.4788 0.4707
46 46
16.0803
0.3411 0.0044 0.7030 0.0186 0.0216 0.2108 0.7201 0.9601 0.3241 0.1513 0.8777 0.0219 0.9208 0.8597 0.5505 0.8553 0.8532 0.4684 0.1972 0.7994 0.8958 0.2613 0.3196 0.7547 0.3027 0.6392 0.5348 0.0678 0.3445 0.1508 0.2823 0.8748 0.2341 0.0179 0.3845 0.6566 0.3855 0.6912 0.3082 0.9291 0.2943 0.5880 0.9803 0.2337 0.9698 0.5197
47 47
17.3995
0.5878 0.9672 0.8862 0.5167 0.1391 0.9061 0.4040 0.3000 0.0507 0.4009 0.3939 0.1898 0.2985 0.8956 0.6350 0.2607 0.2736 0.4274 0.8280 0.6610 0.1291 0.4127 0.4726 0.2090 0.8714 0.9946 0.9612 0.1414 0.0902 0.6671 0.6209 0.0639 0.3510 0.3644 0.6841 0.6636 0.5944 0.8384 0.3232 0.6017 0.4030 0.2831 0.1151 0.0234 0.5362 0.9442 0.0249
46 46
17.2112
0.6367 0.8957 0.6361 0.4572 0.9508 0.5244 0.8389 0.4488 0.4976 0.3813 0.4774 0.3619 0.2032 0.9056 0.6795 0.3385 0.7445 0.1952 0.0747 0.4994 0.4226 0.1999 0.7896 0.7225 0.6625 0.3410 0.1366 0.5503 0.7805 0.1553 0.9883 0.5427 0.5660 0.8318 0.4264 0.0433 0.8612 0.0548 0.2956 0.8730 0.3093 0.9876 0.8260 0.1950 0.0124 0.6698
46 46
18.2475
0.6099 0.9191 0.7653 0.8023 0.2360 0.0428 0.5822 0.8225 0.0634 0.2861 0.3316 0.9839 0.6313 0.4923 0.0473 0.5599 0.0706 0.8578 0.5830 0.4469 0.4630 0.2542 0.1899 0.6315 0.1116 0.5196 0.5500 0.1974 0.8371 0.3757 0.3684 0.6853 0.1022 0.9518 0.5664 0.9273 0.8109 0.6701 0.2163 0.3660 0.8699 0.6400 0.1139 0.4318 0.2056 0.7970
47 47
19.2777
0.3928 0.5826 0.0523 0.9262 0.1823 0.1495 0.5692 0.9490 0.7420 0.1594 0.3377 0.1030 0.0855 0.0339 0.8647 0.3579 0.7363 0.8555 0.4908 0.9880 0.3463 0.8811 0.8886 0.0902 0.2924 0.5547 0.7016 0.2961 0.0118 0.2806 0.2554 0.0210 0.6696 0.9960 0.2023 0.7121 0.9357 0.4177 0.9837 0.7597 0.3816 0.6856 0.7702 0.9955 0.2257 0.6732 0.9151
2 2
0.5000
0.5000 0.5000
45 45
16.2306
0.1685 0.1237 0.1772 0.0653 0.8927 0.3811 0.8572 0.9904 0.1679 0.8553 0.1245 0.5536 0.5180 0.5512 0.4418 0.6338 0.7803 0.4714 0.2674 0.5790 0.8036 0.0885 0.5811 0.3466 0.7346 0.8275 0.7367 0.7863 0.3942 0.7745 0.0399 0.2913 0.3043 0.0486 0.8231 0.6398 0.7404 0.2162 0.0556 0.0681 0.5067 0.3156 0.3514 0.4299 0.2366
45 45
15.3683
0.1455 0.5816 0.1363 0.5391 0.4347 0.5058 0.5140 0.4067 0.6650 0.0881 0.5559 0.9257 0.6640 0.2923 0.4633 0.9082 0.5380 0.0928 0.1624 0.2920 0.8730 0.6633 0.5109 0.7234 0.3380 0.8060 0.7973 0.8574 0.2395 0.2440 0.9097 0.0242 0.0764 0.5283 0.2901 0.8026 0.4663 0.6800 0.8661 0.7453 0.8125 0.8830 0.9371 0.0527 0.1100
45 45
14.6871
0.5634 0.6923 0.2225 0.2543 0.5175 0.6789 0.5793 0.7109 0.4101 0.8706 0.4306 0.8604 0.3432 0.7492 0.3677 0.0517 0.0134 0.5930 0.9608 0.5683 0.4276 0.3092 0.0843 0.5405 0.1400 0.3123 0.3809 0.3790 0.6350 0.6012 0.9596 0.7861 0.8162 0.7598 0.7777 0.4838 0.5913 0.2359 0.0836 0.8309 0.5940 0.3424 0.3527 0.8292 0.8850
2 2
0.3333
0.5000 0.5000
50 50
0.0000
0.0000 0.0000 0.0000 0.0000 0.0000 0.0000 0.0000 0.0000 0.0000 0.0000 0.0000 0.0000 0.0000 0.0000 0.0000 0.0000 0.0000 0.0000 0.0000 0.0000 0.0000 0.0000 0.0000 0.0000 0.0000 0.0000 0.0000 0.0000 0.0000 0.0000 0.0000 0.0000 0.0000 0.0000 0.0000 0.0000 0.0000 0.0000 0.0000 0.0000 0.0000 0.0000 0.0000 0.0000 0.0000 0.0000 0.0000 0.0000 0.0000 0.0000
1 1
1.0000
0.0000
46 46
15.1689
0.8819 0.7017 0.5472 0.2819 0.9504 0.5398 0.9510 0.3488 0.1676 0.0547 0.9882 0.4137 0.7910 0.8407 0.2198 0.3559 0.8624 0.8989 0.7847 0.3049 0.4018 0.3563 0.2075 0.0090 0.8903 0.1889 0.9655 0.3466 0.1011 0.0201 0.7891 0.9003 0.2112 0.3490 0.1063 0.3223 0.5614 0.8342 0.6645 0.5713 0.7877 0.8210 0.6528 0.1585 0.4576 0.3766
45 45
16.4312
0.6044 0.0686 0.1934 0.5296 0.8947 0.2340 0.9702 0.1898 0.5483 0.5820 0.0896 0.2978 0.4757 0.3261 0.3750 0.7415 0.5735 0.3490 0.0383 0.6257 0.7386 0.0355 0.0140 0.7961 0.8233 0.6008 0.7379 0.5972 0.2575 0.1179 0.1602 0.2124 0.3644 0.0844 0.6184 0.8015 0.7402 0.1919 0.9365 0.3528 0.6567 0.1485 0.7944 0.5568 0.6676
45 45
15.5485
0.7856 0.1115 0.9373 0.4540 0.9348 0.5332 0.5415 0.1602 0.4202 0.3519 0.6526 0.6397 0.5784 0.5186 0.4836 0.1566 0.3343 0.5685 0.4706 0.2777 0.0423 0.3006 0.4763 0.1464 0.8103 0.9467 0.0132 0.6438 0.5917 0.1666 0.4670 0.8498 0.4345 0.3097 0.2564 0.6449 0.9488 0.2551 0.1939 0.4857 0.7642 0.8487 0.2868 0.9199 0.6237
48 48
23.3970
0.5670 0.3401 0.1810 0.4195 0.1091 0.5131 0.6822 0.5198 0.2236 0.2470 0.4702 0.7550 0.7105 0.3028 0.7620 0.4702 0.7866 0.2176 0.5871 0.2638 0.5349 0.8842 0.6402 0.0384 0.5131 0.5447 0.4184 0.6290 0.5451 0.1656 0.7307 0.6824 0.4269 0.6037 0.2687 0.3734 0.7419 0.4205 0.3743 0.8336 0.7713 0.4688 0.0865 0.9511 0.1974 0.0468 0.2452 0.9263
47 47
20.0551
0.6507 0.9831 0.6628 0.1161 0.3272 0.0281 0.3170 0.4436 0.7540 0.3186 0.3910 0.6006 0.0141 0.0549 0.2640 0.2230 0.7352 0.3462 0.6227 0.9102 0.6190 0.7793 0.3234 0.4699 0.4380 0.3005 0.5292 0.4854 0.1471 0.7092 0.3229 0.0371 0.4007 0.3999 0.2955 0.3479 0.8070 0.1836 0.5286 0.0892 0.5103 0.9154 0.1505 0.7928 0.3388 0.6648 0.5153
47 47
17.3523
0.8957 0.9539 0.7942 0.0095 0.1805 0.8529 0.3650 0.2476 0.8544 0.8052 0.5344 0.1681 0.1134 0.4951 0.2087 0.3174 0.3967 0.8021 0.0631 0.9363 0.7824 0.1227 0.2276 0.2926 0.4380 0.8859 0.7715 0.5458 0.7911 0.7479 0.9932 0.0566 0.0995 0.9592 0.6530 0.0028 0.5018 0.8561 0.2947 0.7927 0.7525 0.9108 0.7403 0.0254 0.8529 0.9970 0.4983
45 45
19.1758
0.5365 0.9039 0.2131 0.1535 0.5095 0.5294 0.4122 0.8437 0.6867 0.3393 0.9323 0.4498 0.7908 0.3781 0.2173 0.4212 0.7696 0.6828 0.4824 0.4289 0.2945 0.5852 0.8491 0.1846 0.9413 0.8121 0.0848 0.7975 0.5239 0.9624 0.3237 0.1056 0.5249 0.5927 0.3594 0.4803 0.7294 0.6795 0.3659 0.9509 0.3726 0.1501 0.0335 0.4729 0.2784
1 1
0.3333
0.0000
46 46
20.1532
0.8597 0.6256 0.6676 0.4239 0.2082 0.9199 0.2837 0.7802 0.7000 0.3748 0.3234 0.2920 0.9419 0.3783 0.1197 0.6007 0.8017 0.5635 0.9671 0.8342 0.4473 0.6501 0.9696 0.0319 0.7081 0.0322 0.5304 0.9372 0.5206 0.0966 0.9487 0.9653 0.3226 0.3017 0.3346 0.7749 0.9679 0.1305 0.0346 0.4912 0.2491 0.0770 0.5663 0.7726 0.0591 0.4193
48 48
20.6589
0.0797 0.2014 0.3878 0.1642 0.6369 0.8006 0.3970 0.5140 0.6833 0.4483 0.6509 0.3865 0.5859 0.6143 0.0091 0.4121 0.6127 0.9355 0.1454 0.9462 0.8403 0.2117 0.9315 0.8712 0.3656 0.5022 0.9936 0.3216 0.9464 0.8450 0.1538 0.4419 0.3857 0.4850 0.9135 0.5827 0.8704 0.6732 0.3977 0.8872 0.9847 0.3522 0.5915 0.2140 0.5167 0.4919 0.2100 0.6978
49 49
19.3624
0.6772 0.4134 0.5428 0.7124 0.7837 0.2012 0.2456 0.2970 0.6475 0.0334 0.7508 0.7855 0.9356 0.0915 0.0476 0.9110 0.8908 0.1051 0.2310 0.8039 0.0635 0.2934 0.1848 0.2039 0.0349 0.4577 0.0929 0.3452 0.4200 0.0292 0.2302 0.1856 0.6409 0.7547 0.7316 0.8874 0.6040 0.0152 0.9192 0.1259 0.1165 0.5170 0.2886 0.8734 0.9715 0.5725 0.8722 0.8302 0.2241
50 50
18.1843
0.7394 0.9866 0.7586 0.3442 0.2132 0.2697 0.0526 0.3038 0.6259 0.9649 0.6524 0.8312 0.8418 0.0888 0.1052 0.5789 0.5748 0.7258 0.4939 0.8670 0.8594 0.1260 0.8957 0.5771 0.2330 0.6435 0.0699 0.4401 0.9603 0.0248 0.2475 0.2873 0.9784 0.3224 0.1240 0.4537 0.7373 0.5806 0.8563 0.8552 0.3421 0.7488 0.3192 0.7508 0.6914 0.0240 0.7979 0.9015 0.1872 0.2688
4 4
1.3999
0.6000 0.7000 0.8000 0.5000
49 49
20.5915
0.8615 0.8816 0.2496 0.5208 0.9650 0.3171 0.5955 0.1522 0.0344 0.4205 0.4768 0.7986 0.5305 0.1019 0.8455 0.9463 0.9247 0.0062 0.0684 0.7436 0.4667 0.1286 0.4996 0.2620 0.7060 0.5493 0.1450 0.2959 0.3065 0.1641 0.9309 0.6173 0.0536 0.0722 0.5478 0.9001 0.5692 0.4478 0.3555 0.0227 0.5197 0.7676 0.7392 0.9680 0.1215 0.2064 0.9081 0.9539 0.4171
49 49
2.2603
0.6125 0.2368 0.7809 0.9229 0.8378 0.7481 0.4606 0.7961 0.0739 0.1679 0.3106 0.7444 0.5337 0.2062 0.5347 0.7694 0.1329 0.2869 0.6873 0.4379 0.1160 0.7001 0.6047 0.8491 0.6857 0.3545 0.1762 0.0706 0.8354 0.5095 0.7064 0.2017 0.5352 0.4795 0.2235 0.8691 0.4266 0.4856 0.8561 0.4581 0.7932 0.6942 0.5165 0.3850 0.0852 0.7213 0.5509 0.5154 0.2831
50 50
0.0049
0.9999 0.9999 0.9999 0.9999 0.9999 0.9999 0.9999 0.9999 0.9999 0.9999 0.9999 0.9999 0.9999 0.9999 0.9999 0.9999 0.9999 0.9999 0.9999 0.9999 0.9999 0.9999 0.9999 0.9999 0.9999 0.9999 0.9999 0.9999 0.9999 0.9999 0.9999 0.9999 0.9999 0.9999 0.9999 0.9999 0.9999 0.9999 0.9999 0.9999 0.9999 0.9999 0.9999 0.9999 0.9999 0.9999 0.9999 0.9999 0.9999 0.9999
2 2
0.0000
1.0000 1.0000
50 50
20.5889
0.7074 0.7315 0.7966 0.6514 0.8263 0.5775 0.2366 0.3214 0.8423 0.1150 0.5257 0.7404 0.7518 0.6512 0.9073 0.4421 0.2935 0.8353 0.2653 0.4688 0.4919 0.2552 0.6732 0.1395 0.4427 0.2162 0.0110 0.7047 0.8458 0.2492 0.4858 0.0069 0.8353 0.4573 0.2355 0.9922 0.9349 0.5056 0.4940 0.6068 0.1347 0.8555 0.9200 0.5276 0.3499 0.4745 0.9912 0.3135 0.4086 0.1049
50 50
0.6901
0.0932 0.8928 0.6598 0.2683 0.6759 0.7744 0.0863 0.8764 0.2443 0.1546 0.9641 0.0770 0.3724 0.8871 0.8091 0.8733 0.6915 0.3337 0.0539 0.7417 0.7205 0.7951 0.3483 0.3303 0.3158 0.5983 0.2108 0.5160 0.2791 0.7255 0.1761 0.2215 0.9438 0.3512 0.7287 0.7742 0.1842 0.6196 0.2665 0.9926 0.1090 0.8265 0.5109 0.0507 0.0857 0.2187 0.9318 0.6986 0.5154 0.1224
46 46
18.8164
0.5300 0.5051 0.8925 0.9192 0.3966 0.6447 0.0314 0.1088 0.6009 0.0417 0.8884 0.1316 0.1303 0.8560 0.7417 0.8120 0.2387 0.5553 0.9293 0.4568 0.1985 0.5549 0.6142 0.7237 0.4964 0.7775 0.3650 0.4452 0.1640 0.5426 0.7732 0.5056 0.8614 0.2390 0.2704 0.6895 0.2642 0.0229 0.2414 0.1504 0.0500 0.2271 0.4842 0.2199 0.9715 0.4839
49 49
20.4890
0.3890 0.8740 0.1169 0.2196 0.2318 0.9133 0.8745 0.9962 0.3685 0.0677 0.4796 0.2746 0.5527 0.3344 0.5656 0.1454 0.0586 0.0851 0.4723 0.6897 0.0919 0.0137 0.9113 0.5984 0.6568 0.5761 0.2565 0.4648 0.5342 0.9145 0.1547 0.2211 0.5984 0.3666 0.5692 0.9329 0.1926 0.5203 0.9771 0.9164 0.8835 0.5555 0.3552 0.5446 0.0419 0.9668 0.0631 0.7619 0.2180
49 49
15.8037
0.8494 0.4884 0.6306 0.1011 0.8481 0.5105 0.9637 0.5723 0.3647 0.8070 0.7094 0.7964 0.6899 0.4805 0.0598 0.6286 0.3207 0.4996 0.4235 0.5207 0.3379 0.7488 0.4023 0.5469 0.9554 0.9470 0.2875 0.1853 0.1081 0.8468 0.1360 0.9525 0.7366 0.7324 0.1098 0.3316 0.0177 0.7541 0.1109 0.0020 0.2004 0.8465 0.7697 0.5129 0.1601 0.9132 0.9220 0.6532 0.6916
47 47
19.4051
0.0578 0.9311 0.3846 0.5051 0.1237 0.2711 0.8577 0.6522 0.6774 0.8300 0.2382 0.0002 0.9346 0.5921 0.2114 0.4096 0.8917 0.6330 0.3630 0.1692 0.7939 0.5999 0.2286 0.6034 0.7449 0.0540 0.6320 0.4543 0.8756 0.2940 0.1208 0.1450 0.6306 0.8531 0.9994 0.0377 0.9156 0.6520 0.9107 0.3004 0.9077 0.3919 0.1663 0.9770 0.8193 0.1777 0.5767
48 48
17.5071
0.4355 0.1826 0.5760 0.8167 0.8696 0.0368 0.4772 0.7677 0.5393 0.2292 0.2733 0.7230 0.6615 0.7245 0.3129 0.0927 0.4856 0.7733 0.7483 0.3246 0.8055 0.9029 0.5547 0.3220 0.8360 0.0572 0.0941 0.3934 0.4267 0.1860 0.1788 0.0114 0.9915 0.1507 0.8778 0.8031 0.0677 0.7063 0.2248 0.4962 0.9135 0.9859 0.3921 0.7347 0.3022 0.3244 0.5181 0.3366
47 47
20.3787
0.4064 0.7050 0.0511 0.4792 0.1309 0.1832 0.5547 0.2040 0.3204 0.1862 0.5100 0.1685 0.9779 0.4116 0.2178 0.6852 0.2744 0.1940 0.0152 0.2725 0.3370 0.8053 0.9205 0.1682 0.7993 0.2471 0.3409 0.5811 0.9348 0.8429 0.0355 0.0180 0.6610 0.5659 0.2701 0.1722 0.2160 0.9887 0.0077 0.7863 0.2798 0.6012 0.7239 0.2757 0.4035 0.9368 0.1036
50 50
20.3354
0.3206 0.6075 0.1239 0.6660 0.7204 0.2615 0.4234 0.1937 0.6011 0.1010 0.9515 0.1326 0.2548 0.2249 0.9897 0.5888 0.5387 0.4688 0.2638 0.0196 0.3337 0.5646 0.0699 0.4669 0.6877 0.9207 0.9051 0.8071 0.6132 0.0183 0.0124 0.9233 0.3884 0.0698 0.0509 0.4562 0.0526 0.9387 0.9718 0.1842 0.3929 0.7623 0.3806 0.4424 0.1428 0.2731 0.0008 0.9094 0.0963 0.0509
50 50
1.0000
0.0000 0.0000 0.0000 0.0000 0.0000 0.0000 0.0000 0.0000 0.0000 0.0000 0.0000 0.0000 0.0000 0.0000 0.0000 0.0000 0.0000 0.0000 0.0000 0.0000 0.0000 0.0000 0.0000 0.0000 0.0000 0.0000 0.0000 0.0000 0.0000 0.0000 0.0000 0.0000 0.0000 0.0000 0.0000 0.0000 0.0000 0.0000 0.0000 0.0000 0.0000 0.0000 0.0000 0.0000 0.0000 0.0000 0.0000 0.0000 0.0000 0.0000
47 47
18.6037
0.1628 0.3349 0.4895 0.4381 0.6492 0.9327 0.8689 0.7656 0.7039 0.9503 0.0057 0.3839 0.6494 0.8809 0.3976 0.8947 0.3947 0.1014 0.3701 0.5204 0.8746 0.0520 0.4970 0.5555 0.3961 0.1160 0.1089 0.8238 0.2429 0.5531 0.1507 0.4621 0.5515 0.6362 0.6701 0.2403 0.1697 0.1737 0.1000 0.8848 0.9890 0.6555 0.8482 0.0975 0.8673 0.4166 0.0783
45 45
17.5361
0.3089 0.9669 0.2426 0.9369 0.2810 0.8035 0.4485 0.2073 0.8998 0.5866 0.6462 0.4913 0.3769 0.9482 0.4668 0.0187 0.8027 0.0828 0.8003 0.1491 0.0841 0.0117 0.9993 0.8389 0.5744 0.3892 0.3267 0.6454 0.3680 0.1947 0.9085 0.4981 0.3908 0.0664 0.0011 0.4554 0.8635 0.6357 0.3490 0.9371 0.8536 0.2992 0.5777 0.1347 0.8625
48 48
18.7942
0.2809 0.5859 0.8853 0.5186 0.0319 0.3253 0.2982 0.9122 0.9891 0.4966 0.2184 0.5461 0.4069 0.9773 0.4001 0.7362 0.2663 0.6323 0.6352 0.6615 0.8868 0.6761 0.0576 0.1999 0.6743 0.8495 0.1363 0.0459 0.0265 0.7599 0.3780 0.1643 0.1422 0.2921 0.3834 0.0215 0.0493 0.4045 0.6027 0.3940 0.0367 0.0765 0.6651 0.1734 0.7110 0.6571 0.4360 0.5014
47 47
17.9064
0.4232 0.9769 0.7827 0.7284 0.7124 0.4999 0.1719 0.8015 0.4676 0.2563 0.2342 0.2952 0.0016 0.9705 0.8595 0.6984 0.6240 0.3181 0.0755 0.4442 0.1504 0.1239 0.5967 0.4866 0.2965 0.4019 0.6729 0.0028 0.2334 0.3044 0.6299 0.2268 0.8195 0.1374 0.8440 0.3340 0.6334 0.9653 0.1255 0.9132 0.0240 0.8318 0.8193 0.8677 0.7803 0.6217 0.5267
49 49
18.6751
0.5712 0.7651 0.2516 0.5835 0.3866 0.1845 0.8582 0.7115 0.9564 0.2859 0.5723 0.7168 0.0415 0.5306 0.6725 0.3500 0.2286 0.9345 0.4594 0.3172 0.5955 0.3851 0.7206 0.6423 0.2018 0.8972 0.0350 0.4657 0.6201 0.5969 0.3078 0.9415 0.3072 0.6015 0.8147 0.4228 0.7311 0.0105 0.9388 0.0372 0.2437 0.6405 0.3582 0.7754 0.3668 0.7218 0.3160 0.5956 0.8655
50 50
20.7620
0.1112 0.6941 0.0033 0.0251 0.6738 0.0615 0.3347 0.0957 0.4922 0.7023 0.6544 0.1000 0.5982 0.0390 0.5114 0.9920 0.0946 0.8302 0.6152 0.6841 0.0298 0.4933 0.3191 0.7648 0.2315 0.9056 0.0845 0.9765 0.9459 0.3011 0.2225 0.8180 0.0876 0.4816 0.0662 0.7226 0.0391 0.5168 0.4198 0.2800 0.2644 0.4391 0.7129 0.1758 0.2745 0.2618 0.2640 0.8798 0.3454 0.4461
49 49
18.4273
0.8522 0.3730 0.4932 0.1441 0.9815 0.6814 0.9316 0.9579 0.6208 0.6074 0.3750 0.0116 0.2595 0.3759 0.5420 0.2988 0.7452 0.2789 0.8568 0.5544 0.2016 0.9278 0.3887 0.6455 0.3429 0.5583 0.2993 0.4458 0.9169 0.8524 0.6417 0.5062 0.8025 0.8382 0.6555 0.0051 0.7039 0.4312 0.8102 0.7363 0.3112 0.5253 0.9244 0.2692 0.7059 0.3918 0.5537 0.7936 0.4530
46 46
17.6292
0.6392 0.1665 0.9391 0.7793 0.2241 0.1336 0.8103 0.5506 0.7587 0.5334 0.5636 0.7092 0.8048 0.6104 0.8172 0.4080 0.2710 0.8345 0.1825 0.0489 0.8166 0.8703 0.5059 0.9546 0.9630 0.3470 0.1073 0.9849 0.5918 0.2919 0.0144 0.5196 0.7649 0.1553 0.8298 0.9792 0.9832 0.0477 0.6759 0.9163 0.6721 0.4267 0.2133 0.3749 0.3756 0.9274
50 50
0.0050
0.9999 0.9999 0.9999 0.9999 0.9999 0.9999 0.9999 0.9999 0.9999 0.9999 0.9999 0.9999 0.9999 0.9999 0.9999 0.9999 0.9999 0.9999 0.9999 0.9999 0.9999 0.9999 0.9999 0.9999 0.9999 0.9999 0.9999 0.9999 0.9999 0.9999 0.9999 0.9999 0.9999 0.9999 0.9999 0.9999 0.9999 0.9999 0.9999 0.9999 0.9999 0.9999 0.9999 0.9999 0.9999 0.9999 0.9999 0.9999 0.9999 0.9999
47 47
0.5837
0.8003 0.6696 0.7335 0.5646 0.9137 0.3602 0.2637 0.0082 0.5603 0.8463 0.7619 0.6586 0.8177 0.7999 0.7012 0.0343 0.0304 0.5956 0.7970 0.7741 0.1213 0.2976 0.8283 0.4096 0.5064 0.5026 0.7167 0.2916 0.4186 0.8867 0.9918 0.9160 0.4499 0.8207 0.6131 0.6048 0.4740 0.2756 0.3682 0.3950 0.5373 0.3793 0.6248 0.8738 0.1291 0.3154 0.1457
47 47
15.3972
0.5788 0.9559 0.2395 0.5986 0.4728 0.0996 0.9454 0.9104 0.7044 0.2912 0.9691 0.0675 0.2141 0.8563 0.0573 0.0195 0.7360 0.6955 0.8469 0.5380 0.6328 0.0620 0.5331 0.8501 0.8312 0.8482 0.7994 0.0381 0.8095 0.5002 0.9020 0.1122 0.8616 0.7916 0.6940 0.1436 0.0167 0.4512 0.3121 0.9448 0.2853 0.2259 0.3097 0.4202 0.6911 0.3194 0.7615
46 46
15.3643
0.4879 0.8778 0.0806 0.7921 0.4293 0.2704 0.2848 0.7760 0.3349 0.7521 0.1472 0.6779 0.7551 0.6726 0.6129 0.9498 0.2328 0.9899 0.9228 0.8768 0.2473 0.6203 0.3073 0.4806 0.6949 0.9878 0.4687 0.0292 0.5762 0.9745 0.2688 0.7174 0.8843 0.1026 0.0070 0.1032 0.9469 0.1706 0.7787 0.1588 0.6352 0.7468 0.5823 0.4009 0.1324 0.1414
50 50
17.4198
0.9312 0.8844 0.5042 0.0918 0.8462 0.6634 0.2387 0.1645 0.1178 0.4067 0.7605 0.7222 0.7368 0.5718 0.0965 0.0455 0.8460 0.7579 0.1663 0.9143 0.8685 0.4944 0.0395 0.7955 0.0743 0.9490 0.1485 0.8760 0.0190 0.8071 0.5010 0.9906 0.6989 0.7158 0.3643 0.3425 0.5718 0.6193 0.3612 0.8497 0.4488 0.4214 0.1349 0.1184 0.6933 0.9446 0.7481 0.7012 0.1249 0.1511
45 45
15.4084
0.2450 0.2443 0.3229 0.3896 0.1785 0.0161 0.3939 0.9135 0.4919 0.7075 0.9726 0.1235 0.3111 0.9376 0.5170 0.3001 0.0231 0.9044 0.0745 0.7887 0.4963 0.0330 0.5957 0.5780 0.8457 0.8671 0.7854 0.4516 0.6099 0.1813 0.9439 0.2734 0.8192 0.6845 0.8292 0.5411 0.8083 0.9123 0.1042 0.4610 0.4543 0.7114 0.9470 0.7627 0.3760
1 1
0.3333
0.5000
50 50
33.3350
0.3333 0.3333 0.3333 0.3333 0.3333 0.3333 0.3333 0.3333 0.3333 0.3333 0.3333 0.3333 0.3333 0.3333 0.3333 0.3333 0.3333 0.3333 0.3333 0.3333 0.3333 0.3333 0.3333 0.3333 0.3333 0.3333 0.3333 0.3333 0.3333 0.3333 0.3333 0.3333 0.3333 0.3333 0.3333 0.3333 0.3333 0.3333 0.3333 0.3333 0.3333 0.3333 0.3333 0.3333 0.3333 0.3333 0.3333 0.3333 0.3333 0.3333
4 4
0.0001
0.0000 0.0000 0.0000 0.0000
49 49
21.2284
0.1574 0.6431 0.4793 0.5702 0.1208 0.4421 0.9774 0.6217 0.1375 0.5417 0.9148 0.1504 0.2596 0.9977 0.5982 0.8800 0.0040 0.8519 0.7963 0.1598 0.3992 0.5047 0.8038 0.5190 0.9304 0.9499 0.2166 0.4112 0.4051 0.4883 0.0890 0.5145 0.7543 0.0584 0.3811 0.4937 0.8287 0.1758 0.3472 0.3923 0.3851 0.3473 0.4881 0.3343 0.3876 0.3329 0.3944 0.6311 0.4217
50 50
0.0000
0.8700 0.8700 0.8700 0.8700 0.8700 0.8700 0.8700 0.8700 0.8700 0.8700 0.8700 0.8700 0.8700 0.8700 0.8700 0.8700 0.8700 0.8700 0.8700 0.8700 0.8700 0.8700 0.8700 0.8700 0.8700 0.8700 0.8700 0.8700 0.8700 0.8700 0.8700 0.8700 0.8700 0.8700 0.8700 0.8700 0.8700 0.8700 0.8700 0.8700 0.8700 0.8700 0.8700 0.8700 0.8700 0.8700 0.8700 0.8700 0.8700 0.8700
45 45
14.9204
0.4145 0.7739 0.1025 0.9025 0.9212 0.0589 0.5789 0.0940 0.2899 0.5872 0.1378 0.4673 0.6731 0.2714 0.9539 0.8651 0.6305 0.7866 0.3567 0.5907 0.0793 0.4996 0.5144 0.3228 0.9005 0.3063 0.4340 0.5610 0.2468 0.7137 0.8114 0.8001 0.3647 0.0094 0.7753 0.7204 0.4223 0.6793 0.4411 0.4192 0.0584 0.5964 0.1504 0.6041 0.9782
