99
2525 1
2400 5
300 2
120 60
60 90
319236462 1
187690797 8588
675325248 1
82951813 2626
853239991 1
410081660 5374
363130215 1
305326816 7248
226549545 1
130024148 7214
734944624 1
185924054 8017
10940654 1
1062599 3234
974989044 1
82438673 6175
542173 2
201763 3881
150814 935
114628622 1
77726691 9753
775000356 1
19095883 4361
666133590 1
657653115 1553
752608589 1
208011772 9607
1000000000 2
999999997 3
999999998 2
929481920 1
664166722 1693
354072779 1
6039033 1357
744594238 1
39054842 2582
200000 2
5001 1
5000 8
210727730 1
162670805 6821
1000000000 2
998000000 1
999000000 1
712252555 1
526916409 7370
455270404 1
238874334 2440
302858221 1
30587046 6863
951507050 1
74721218 7706
445742878 1
398786163 537
1000000000 1
1 10000
218766060 1
59001463 9896
346557905 1
135983198 674
498741669 1
460366203 2973
348672136 1
239506519 1063
85992532 1
73372876 7236
842399208 1
5780698 3373
279008842 1
5366653 2620
288558688 1
142889989 625
1000000000 2
999000000 10000
998000000 10000
38011047 1
22559435 7441
248430609 1
241235804 2703
904658031 1
11809164 7530
381278576 1
367691288 9325
451360636 1
6443031 1117
602309489 1
184984908 5083
880113020 1
448847865 8632
92705510 1
8632938 5954
191277741 1
111592967 7020
475536196 1
236516705 4433
521606526 1
116086486 4421
1000000000 2
999999998 3
999999999 2
711102177 1
368970697 8245
2090543 1
448110 4594
533824815 1
77305646 3862
665223066 1
520829855 6908
2 1
1 1
806772290 1
43509543 7381
823591751 1
795512387 1863
610458198 1
392818911 5117
1000000000 2
999999997 2
999999996 3
802332792 1
523958177 5654
313262012 1
1303263 2675
712319202 1
251089508 1858
943869759 1
273884818 2376
512147017 1
185371097 6786
423619577 1
112995865 725
141493494 1
77699396 9896
435537620 1
296124301 6984
973867222 1
357939956 1276
556245150 1
440574933 311
1000000000 2
12345675 3
12345676 2
726454422 1
187941122 2855
157679115 1
55990533 402
811016331 1
370639625 2926
881165574 1
342626558 5929
735478948 1
429864332 4271
776234806 1
557652461 4397
503445631 1
319139717 4804
76405998 1
65352330 9657
395886803 1
213819381 5709
134312115 1
34230576 1736
247609897 1
190593263 7033
125284608 1
3171357 9896
291064550 1
52943822 4289
419094315 1
195981001 3707
28206598 1
15607095 6394
727206812 1
157562863 2626
1000000000 1
999999999 1
704814877 1
659706779 4362
639486772 2
221177859 1936
417704412 8321
1000000000 2
1 3
2 2
2 1
1 10000
53704085 1
23258529 4586
850330591 1
325168867 8929
1000000000 1
999999999 10000
1000000000 2
200 10000
100 10000
276480008 1
90872090 853
1000000000 1
1 1
8046460 1
3535193 7410
240417724 1
206135364 501
678376519 1
164636416 2287
